0.9607843137254902
1.4630541871921183
1.5974025974025974
1.8089887640449438
1.7247956403269755
1.5974025974025974
1.457002457002457
1.6385224274406331
1.6455026455026456
1.7855153203342617
1.5510204081632653
1.6385224274406331
1.5575447570332481
1.7397260273972603
1.2779043280182232
1.364066193853428
1.3364485981308412
1.4752475247524752
1.4213075060532687
1.3752969121140142
1.5839793281653747
1.3419203747072599
1.1786492374727668
1.2172949002217295
1.3529411764705883
1.257336343115124
1.2675736961451247
1.2883295194508009
1.2075055187637969
1.2123893805309736
1.1551724137931034
1.2222222222222223
1.257336343115124
1.109704641350211
1.1008403361344539
1.053388090349076
1.145922746781116
1.0576131687242798
1.173913043478261
1.0366598778004072
1.0449897750511248
1.11864406779661
0.8975332068311196
1.0040080160320641
1.0242914979757085
1.028397565922921
0.8761726078799249
0.949317738791423
0.9569471624266145
0.9267822736030829
1.0
0.9083969465648855
0.9723865877712031
0.9723865877712031
1.0161290322580645
0.8796992481203008
0.9157088122605364
0.8939393939393939
0.9342359767891683
0.9569471624266145
0.8621973929236499
0.8083182640144665
0.8181818181818182
0.9011406844106464
0.8621973929236499
0.8656716417910447
0.8248175182481752
0.8587360594795539
0.8726591760299626
0.8552875695732839
0.7921146953405018
0.763668430335097
0.6666666666666666
0.7761989342806395
0.7825311942959001
0.8050541516245487
0.8518518518518519
0.8484288354898336
0.8450184501845018
0.9342359767891683
0.8214936247723132
0.8587360594795539
0.8083182640144665
0.8761726078799249
0.8115942028985508
0.7699115044247787
0.8315018315018315
0.8450184501845018
0.7574692442882249
0.7825311942959001
0.763668430335097
0.8083182640144665
0.7857142857142857
0.7482517482517482
0.7391304347826086
0.6750418760469011
0.8050541516245487
0.8552875695732839
0.7152658662092625
0.8083182640144665
0.7241379310344828
0.7361111111111112
0.733102253032929
0.8018018018018018
0.8450184501845018
0.733102253032929
0.7574692442882249
0.8181818181818182
0.8018018018018018
0.7006802721088435
0.6722408026755853
0.6920473773265652
0.6474464579901154
0.7793594306049823
0.763668430335097
0.6420361247947455
0.7152658662092625
0.718213058419244
0.7064846416382252
0.7513134851138353
0.6611295681063123
0.6528925619834711
0.7123287671232876
0.7211703958691911
0.6863406408094435
0.6835016835016835
0.7605633802816901
0.7825311942959001
0.7241379310344828
0.6638935108153078
0.6920473773265652
0.7035775127768313
0.6339869281045751
0.7825311942959001
0.6920473773265652
0.6313213703099511
0.6920473773265652
0.7123287671232876
0.7006802721088435
0.7421602787456446
0.6207455429497569
0.6
0.639344262295082
0.6051364365971108
0.6366612111292962
0.5847860538827259
0.6
0.669449081803005
0.6863406408094435
0.6051364365971108
0.6447368421052632
0.639344262295082
0.6778523489932886
0.6778523489932886
0.7035775127768313
0.7094017094017094
0.7211703958691911
0.6722408026755853
0.6750418760469011
0.5797788309636651
0.6025641025641025
0.6286644951140065
0.6474464579901154
0.6286644951140065
0.6286644951140065
0.589825119236884
0.7452006980802792
0.6286644951140065
0.6
0.6583747927031509
0.639344262295082
0.597444089456869
0.6103059581320451
0.6155088852988692
0.6260162601626016
0.6750418760469011
0.6501650165016502
0.6129032258064516
0.6051364365971108
0.6556291390728477
0.597444089456869
0.6207455429497569
0.6155088852988692
0.5479876160990712
0.5772870662460567
0.597444089456869
0.5432098765432098
0.5797788309636651
0.5527950310559007
0.6207455429497569
0.5772870662460567
0.5797788309636651
0.6666666666666666
0.594896331738437
0.5847860538827259
0.6722408026755853
0.5600624024960998
0.5479876160990712
0.564945226917058
0.5527950310559007
0.5503875968992248
0.6207455429497569
0.5772870662460567
0.5432098765432098
0.6339869281045751
0.5290519877675841
0.5772870662460567
0.564945226917058
0.5290519877675841
0.5847860538827259
0.5527950310559007
0.5105740181268882
0.5698587127158555
0.5723270440251572
0.5797788309636651
0.5797788309636651
0.5220700152207002
0.524390243902439
0.5479876160990712
0.5873015873015873
0.5432098765432098
0.4903129657228018
0.5455950540958269
0.567398119122257
0.5698587127158555
0.589825119236884
0.567398119122257
0.5267175572519084
0.4684287812041116
0.5873015873015873
0.5772870662460567
0.6025641025641025
0.5337423312883436
0.5455950540958269
0.5723270440251572
0.5384615384615384
0.49700598802395207
0.5772870662460567
0.5479876160990712
0.5360983102918587
0.5174506828528073
0.5503875968992248
0.5873015873015873
0.4771048744460857
0.5384615384615384
0.5600624024960998
0.6233766233766234
0.5384615384615384
0.5384615384615384
0.5015015015015015
0.4903129657228018
0.5723270440251572
0.5408320493066255
0.5128593040847201
0.5748031496062992
0.5128593040847201
0.5313935681470138
0.5408320493066255
0.5128593040847201
0.4771048744460857
0.567398119122257
0.48148148148148145
0.5290519877675841
0.5527950310559007
0.4104372355430183
0.5037593984962406
0.5432098765432098
0.4925373134328358
0.5015015015015015
0.4903129657228018
0.5337423312883436
0.4925373134328358
0.4749262536873156
0.422475106685633
0.4556040756914119
0.47058823529411764
0.5384615384615384
0.5313935681470138
0.48148148148148145
0.524390243902439
0.5015015015015015
0.4992503748125937
0.443001443001443
0.5313935681470138
0.5151515151515151
0.4925373134328358
0.4947683109118087
0.5060240963855421
0.48588410104011887
0.4992503748125937
0.5360983102918587
0.5267175572519084
0.49700598802395207
0.5060240963855421
0.47058823529411764
0.40252454417952316
0.5220700152207002
0.4749262536873156
0.4556040756914119
0.4925373134328358
0.4347202295552367
0.5105740181268882
0.5479876160990712
0.5037593984962406
0.4947683109118087
0.4577259475218659
0.46412884333821375
0.4880952380952381
0.47058823529411764
0.42450142450142453
0.4513788098693759
0.47928994082840237
0.5128593040847201
0.4513788098693759
0.447178002894356
0.4727540500736377
0.48588410104011887
0.4577259475218659
0.4925373134328358
0.5128593040847201
0.4880952380952381
0.5082956259426847
0.4556040756914119
0.4947683109118087
0.4367816091954023
0.4104372355430183
0.4662756598240469
0.47058823529411764
0.5337423312883436
0.47928994082840237
0.4749262536873156
0.4104372355430183
0.48148148148148145
0.4044943820224719
0.4727540500736377
0.5151515151515151
0.42450142450142453
0.48588410104011887
0.4684287812041116
0.447178002894356
0.4556040756914119
0.5174506828528073
0.5267175572519084
0.4619883040935672
0.5151515151515151
0.48148148148148145
0.46412884333821375
0.4836795252225519
0.4556040756914119
0.4124293785310734
0.4749262536873156
0.4347202295552367
0.4556040756914119
0.4492753623188406
0.447178002894356
0.47928994082840237
0.49700598802395207
0.4164305949008499
0.4771048744460857
0.47928994082840237
0.4947683109118087
0.45985401459854014
0.4727540500736377
0.5060240963855421
0.447178002894356
0.4409221902017291
0.5151515151515151
0.45985401459854014
0.5197568389057751
0.447178002894356
0.4409221902017291
0.4619883040935672
0.42653352353780316
0.4880952380952381
0.4992503748125937
0.4492753623188406
0.4771048744460857
0.4409221902017291
0.42450142450142453
0.443001443001443
0.4104372355430183
0.4662756598240469
0.4084507042253521
0.47928994082840237
0.43884892086330934
0.4771048744460857
0.4577259475218659
0.4326647564469914
0.42450142450142453
0.4836795252225519
0.4513788098693759
0.4347202295552367
0.422475106685633
0.45985401459854014
0.4619883040935672
0.4492753623188406
0.3888888888888889
0.5151515151515151
0.41843971631205673
0.5128593040847201
0.4619883040935672
0.4409221902017291
0.48148148148148145
0.45348837209302323
0.4409221902017291
0.4409221902017291
0.4124293785310734
0.3869625520110957
0.4005602240896359
0.4947683109118087
0.5220700152207002
0.41843971631205673
0.3908205841446453
0.4556040756914119
0.45348837209302323
0.3986013986013986
0.47058823529411764
0.4124293785310734
0.4044943820224719
0.39275766016713093
0.45348837209302323
0.4144271570014144
0.4771048744460857
0.45348837209302323
0.44508670520231214
0.45348837209302323
0.4556040756914119
0.37362637362637363
0.4662756598240469
0.4409221902017291
0.5082956259426847
0.43061516452074394
0.47058823529411764
0.4347202295552367
0.4409221902017291
0.4836795252225519
0.4005602240896359
0.4662756598240469
0.47058823529411764
0.42857142857142855
0.43884892086330934
0.4662756598240469
0.4577259475218659
0.43061516452074394
0.4662756598240469
0.4619883040935672
0.4513788098693759
0.4367816091954023
0.48148148148148145
0.49700598802395207
0.41843971631205673
0.42857142857142855
0.43061516452074394
0.45985401459854014
0.4513788098693759
0.42857142857142855
0.4326647564469914
0.42857142857142855
0.443001443001443
0.4144271570014144
0.4492753623188406
0.3698630136986301
0.4662756598240469
0.4577259475218659
0.42857142857142855
0.4104372355430183
0.49700598802395207
0.4684287812041116
0.4367816091954023
0.49700598802395207
0.43884892086330934
0.4347202295552367
0.4836795252225519
0.43884892086330934
0.4492753623188406
0.4044943820224719
0.4347202295552367
0.43884892086330934
0.4619883040935672
0.4409221902017291
0.45985401459854014
0.4367816091954023
0.49700598802395207
0.4619883040935672
0.4492753623188406
0.4577259475218659
0.5015015015015015
0.3986013986013986
0.43061516452074394
0.4836795252225519
0.443001443001443
0.447178002894356
0.3869625520110957
0.443001443001443
0.3947001394700139
0.4084507042253521
0.4880952380952381
0.42857142857142855
0.4326647564469914
0.42857142857142855
0.42857142857142855
0.37551581843191195
0.3831258644536653
0.47928994082840237
0.4513788098693759
0.4367816091954023
0.3477088948787062
0.447178002894356
0.4556040756914119
0.4084507042253521
0.4326647564469914
0.47928994082840237
0.41843971631205673
0.43884892086330934
0.4104372355430183
0.39275766016713093
0.4880952380952381
0.4104372355430183
0.422475106685633
0.43061516452074394
0.4044943820224719
0.4492753623188406
0.40646976090014064
0.4326647564469914
0.4409221902017291
0.4005602240896359
0.4104372355430183
0.47928994082840237
0.4513788098693759
0.3869625520110957
0.40646976090014064
0.42653352353780316
0.44508670520231214
0.4124293785310734
0.3869625520110957
0.45348837209302323
0.36054421768707484
0.3986013986013986
0.3717421124828532
0.3831258644536653
0.3986013986013986
0.3568521031207598
0.47058823529411764
0.3850415512465374
0.4084507042253521
0.43061516452074394
0.37362637362637363
0.3793103448275862
0.4005602240896359
0.4662756598240469
0.3908205841446453
0.39664804469273746
0.4144271570014144
0.4556040756914119
0.48588410104011887
0.43061516452074394
0.41843971631205673
0.4104372355430183
0.3812154696132597
0.37362637362637363
0.39664804469273746
0.4164305949008499
0.4347202295552367
0.443001443001443
0.4044943820224719
0.4044943820224719
0.3698630136986301
0.4619883040935672
0.45348837209302323
0.422475106685633
0.39275766016713093
0.4577259475218659
0.4084507042253521
0.4164305949008499
0.4144271570014144
0.4124293785310734
0.3679890560875513
0.47058823529411764
0.42857142857142855
0.42450142450142453
0.41843971631205673
0.39664804469273746
0.4409221902017291
0.4005602240896359
0.4662756598240469
0.4124293785310734
0.42653352353780316
0.42045454545454547
0.48148148148148145
0.37551581843191195
0.43061516452074394
0.4492753623188406
0.366120218579235
0.5082956259426847
0.4144271570014144
0.4367816091954023
0.41843971631205673
0.4164305949008499
0.4164305949008499
0.4409221902017291
0.3947001394700139
0.4124293785310734
0.40252454417952316
0.39275766016713093
0.39664804469273746
0.4144271570014144
0.46412884333821375
0.41843971631205673
0.447178002894356
0.40646976090014064
0.4619883040935672
0.45985401459854014
0.37551581843191195
0.443001443001443
0.42857142857142855
0.3531799729364005
0.3812154696132597
0.43884892086330934
0.4144271570014144
0.422475106685633
0.3986013986013986
0.3679890560875513
0.43884892086330934
0.4836795252225519
0.4367816091954023
0.3717421124828532
0.3986013986013986
0.42450142450142453
0.43884892086330934
0.422475106685633
0.4347202295552367
0.3888888888888889
0.4084507042253521
0.40252454417952316
0.3568521031207598
0.3947001394700139
0.443001443001443
0.4005602240896359
0.41843971631205673
0.42857142857142855
0.3812154696132597
0.4124293785310734
0.4409221902017291
0.3831258644536653
0.40646976090014064
0.42857142857142855
0.3812154696132597
0.4124293785310734
0.3812154696132597
0.4347202295552367
0.34048257372654156
0.3947001394700139
0.4005602240896359
0.3831258644536653
0.40252454417952316
0.4771048744460857
0.37362637362637363
0.4492753623188406
0.33511348464619495
0.3947001394700139
0.42857142857142855
0.3679890560875513
0.42045454545454547
0.4044943820224719
0.4084507042253521
0.39664804469273746
0.42045454545454547
0.3812154696132597
0.3869625520110957
0.42857142857142855
0.3850415512465374
0.39275766016713093
0.40252454417952316
0.40646976090014064
0.3793103448275862
0.40252454417952316
0.422475106685633
0.42045454545454547
0.4124293785310734
0.4005602240896359
0.4044943820224719
0.447178002894356
0.36425648021828105
0.3947001394700139
0.40646976090014064
0.3831258644536653
0.40252454417952316
0.3793103448275862
0.4124293785310734
0.3831258644536653
0.3793103448275862
0.37551581843191195
0.4164305949008499
0.422475106685633
0.42450142450142453
0.4144271570014144
0.4104372355430183
0.37551581843191195
0.4104372355430183
0.358695652173913
0.4084507042253521
0.42653352353780316
0.3947001394700139
0.3568521031207598
0.37362637362637363
0.3888888888888889
0.4005602240896359
0.3698630136986301
0.4104372355430183
0.3774104683195592
0.3717421124828532
0.447178002894356
0.4104372355430183
0.39275766016713093
0.4084507042253521
0.41843971631205673
0.3986013986013986
0.3774104683195592
0.447178002894356
0.40646976090014064
0.4044943820224719
0.3774104683195592
0.32100396301188905
0.4124293785310734
0.36054421768707484
0.36425648021828105
0.36054421768707484
0.3812154696132597
0.4084507042253521
0.4164305949008499
0.4164305949008499
0.35501355013550134
0.3812154696132597
0.37362637362637363
0.3908205841446453
0.3717421124828532
0.4044943820224719
0.4684287812041116
0.3774104683195592
0.42045454545454547
0.40646976090014064
0.3986013986013986
0.3908205841446453
0.35501355013550134
0.3679890560875513
0.4084507042253521
0.422475106685633
0.37551581843191195
0.43884892086330934
0.3947001394700139
0.3850415512465374
0.42450142450142453
0.33689839572192515
0.37362637362637363
0.3831258644536653
0.39664804469273746
0.3869625520110957
0.3869625520110957
0.40646976090014064
0.3888888888888889
0.37551581843191195
0.4104372355430183
0.3986013986013986
0.4124293785310734
0.3386880856760375
0.422475106685633
0.4124293785310734
0.4005602240896359
0.3831258644536653
0.3869625520110957
0.36425648021828105
0.39664804469273746
0.358695652173913
0.39664804469273746
0.422475106685633
0.36239782016348776
0.37362637362637363
0.36239782016348776
0.4124293785310734
0.37362637362637363
0.3888888888888889
0.39275766016713093
0.3869625520110957
0.3888888888888889
0.3908205841446453
0.422475106685633
0.3908205841446453
0.443001443001443
0.3793103448275862
0.39275766016713093
0.4104372355430183
0.3717421124828532
0.4044943820224719
0.3774104683195592
0.3568521031207598
0.39275766016713093
0.3831258644536653
0.4104372355430183
0.36054421768707484
0.3679890560875513
0.4084507042253521
0.40252454417952316
0.37362637362637363
0.366120218579235
0.4144271570014144
0.37551581843191195
0.39275766016713093
0.3869625520110957
0.3679890560875513
0.3717421124828532
0.4084507042253521
0.3888888888888889
0.47058823529411764
0.3908205841446453
0.37551581843191195
0.34408602150537637
0.358695652173913
0.32978723404255317
0.4577259475218659
0.42653352353780316
0.39275766016713093
0.42045454545454547
0.4044943820224719
0.3698630136986301
0.3947001394700139
0.35135135135135137
0.3908205841446453
0.43061516452074394
0.3947001394700139
0.3679890560875513
0.32450331125827814
0.39664804469273746
0.39664804469273746
0.4005602240896359
0.3793103448275862
0.39664804469273746
0.4084507042253521
0.39664804469273746
0.422475106685633
0.40252454417952316
0.34048257372654156
0.33689839572192515
0.44508670520231214
0.37551581843191195
0.422475106685633
0.3908205841446453
0.3908205841446453
0.39275766016713093
0.32625994694960214
0.4367816091954023
0.37551581843191195
0.3679890560875513
0.39664804469273746
0.40252454417952316
0.39664804469273746
0.3908205841446453
0.36239782016348776
0.3869625520110957
0.42653352353780316
0.349527665317139
0.3568521031207598
0.3831258644536653
0.34408602150537637
0.3908205841446453
0.3850415512465374
0.4144271570014144
0.40252454417952316
0.37362637362637363
0.40252454417952316
0.349527665317139
0.358695652173913
0.3850415512465374
0.3140604467805519
0.3888888888888889
0.40646976090014064
0.33689839572192515
0.3986013986013986
0.3869625520110957
0.3568521031207598
0.39664804469273746
0.4104372355430183
0.4044943820224719
0.34589502018842533
0.3774104683195592
0.4044943820224719
0.39275766016713093
0.40646976090014064
0.3869625520110957
0.3698630136986301
0.33511348464619495
0.4409221902017291
0.3986013986013986
0.43061516452074394
0.3774104683195592
0.4124293785310734
0.40252454417952316
0.36054421768707484
0.3698630136986301
0.4367816091954023
0.3774104683195592
0.35501355013550134
0.34048257372654156
0.4084507042253521
0.366120218579235
0.3831258644536653
0.35135135135135137
0.4044943820224719
0.3679890560875513
0.3812154696132597
0.3908205841446453
0.40252454417952316
0.37551581843191195
0.36239782016348776
0.3679890560875513
0.37362637362637363
0.35135135135135137
0.36054421768707484
0.43061516452074394
0.3793103448275862
0.3793103448275862
0.4124293785310734
0.3947001394700139
0.4104372355430183
0.36425648021828105
0.3531799729364005
0.36425648021828105
0.3774104683195592
0.35501355013550134
0.3774104683195592
0.3908205841446453
0.3774104683195592
0.3698630136986301
0.42857142857142855
0.34048257372654156
0.4577259475218659
0.3140604467805519
0.43061516452074394
0.32100396301188905
0.37551581843191195
0.35501355013550134
0.3812154696132597
0.36425648021828105
0.366120218579235
0.40252454417952316
0.4084507042253521
0.3280212483399734
0.366120218579235
0.3568521031207598
0.37551581843191195
0.3477088948787062
0.40252454417952316
0.3679890560875513
0.3986013986013986
0.37551581843191195
0.36054421768707484
0.3679890560875513
0.34589502018842533
0.3679890560875513
0.4044943820224719
0.36425648021828105
0.35135135135135137
0.3812154696132597
0.37551581843191195
0.3888888888888889
0.3888888888888889
0.36239782016348776
0.3531799729364005
0.34408602150537637
0.39275766016713093
0.4044943820224719
0.3531799729364005
0.3947001394700139
0.3717421124828532
0.3908205841446453
0.4164305949008499
0.4005602240896359
0.4005602240896359
0.3717421124828532
0.3698630136986301
0.35501355013550134
0.3477088948787062
0.4044943820224719
0.4104372355430183
0.3812154696132597
0.4326647564469914
0.3850415512465374
0.358695652173913
0.366120218579235
0.4367816091954023
0.4164305949008499
0.3717421124828532
0.33155792276964047
0.358695652173913
0.4104372355430183
0.37551581843191195
0.3717421124828532
0.3831258644536653
0.39275766016713093
0.36054421768707484
0.37362637362637363
0.3947001394700139
0.36425648021828105
0.34408602150537637
0.3908205841446453
0.34048257372654156
0.4124293785310734
0.3831258644536653
0.37551581843191195
0.3717421124828532
0.3531799729364005
0.33689839572192515
0.37551581843191195
0.41843971631205673
0.3774104683195592
0.3869625520110957
0.3908205841446453
0.3850415512465374
0.39664804469273746
0.3477088948787062
0.36239782016348776
0.3888888888888889
0.4326647564469914
0.36425648021828105
0.3698630136986301
0.366120218579235
0.3831258644536653
0.33155792276964047
0.35135135135135137
0.3850415512465374
0.3679890560875513
0.358695652173913
0.358695652173913
0.4084507042253521
0.3908205841446453
0.34048257372654156
0.40646976090014064
0.3793103448275862
0.39664804469273746
0.4124293785310734
0.4326647564469914
0.40252454417952316
0.366120218579235
0.3908205841446453
0.3793103448275862
0.39275766016713093
0.39275766016713093
0.37362637362637363
0.42857142857142855
0.366120218579235
0.3850415512465374
0.4164305949008499
0.3908205841446453
0.3850415512465374
0.36425648021828105
0.40252454417952316
0.4164305949008499
0.36425648021828105
0.4124293785310734
0.35135135135135137
0.3888888888888889
0.3774104683195592
0.44508670520231214
0.3531799729364005
0.37551581843191195
0.349527665317139
0.4124293785310734
0.3679890560875513
0.4005602240896359
0.32625994694960214
0.42857142857142855
0.4005602240896359
0.4124293785310734
0.46412884333821375
0.37362637362637363
0.36425648021828105
0.3908205841446453
0.3774104683195592
0.32978723404255317
0.3869625520110957
0.39664804469273746
0.36239782016348776
0.3793103448275862
0.34048257372654156
0.37551581843191195
0.3774104683195592
0.4104372355430183
0.3679890560875513
0.366120218579235
0.3774104683195592
0.366120218579235
0.33511348464619495
0.349527665317139
0.3698630136986301
0.3869625520110957
0.37551581843191195
0.3280212483399734
0.37551581843191195
0.3812154696132597
0.36239782016348776
0.37551581843191195
0.34408602150537637
0.349527665317139
0.3698630136986301
0.4104372355430183
0.3986013986013986
0.33511348464619495
0.3774104683195592
0.36425648021828105
0.36425648021828105
0.3386880856760375
0.36239782016348776
0.3869625520110957
0.358695652173913
0.3831258644536653
0.349527665317139
0.3850415512465374
0.36425648021828105
0.3717421124828532
0.3422818791946309
0.3717421124828532
0.3869625520110957
0.4104372355430183
0.3869625520110957
0.36239782016348776
0.3386880856760375
0.32978723404255317
0.39275766016713093
0.3422818791946309
0.34589502018842533
0.3477088948787062
0.37362637362637363
0.3850415512465374
0.33155792276964047
0.3947001394700139
0.37362637362637363
0.3831258644536653
0.3850415512465374
0.36425648021828105
0.36425648021828105
0.33511348464619495
0.3986013986013986
0.3774104683195592
0.37551581843191195
0.3477088948787062
0.3333333333333333
0.4044943820224719
0.4005602240896359
0.3793103448275862
0.3280212483399734
0.32978723404255317
0.3717421124828532
0.3422818791946309
0.3280212483399734
0.32978723404255317
0.4144271570014144
0.3157894736842105
0.443001443001443
0.3831258644536653
0.3717421124828532
0.3698630136986301
0.3477088948787062
0.3986013986013986
0.3123359580052493
0.34589502018842533
0.3531799729364005
0.3568521031207598
0.3698630136986301
0.3812154696132597
0.3888888888888889
0.36054421768707484
0.32978723404255317
0.366120218579235
0.358695652173913
0.3698630136986301
0.3869625520110957
0.3869625520110957
0.36425648021828105
0.3717421124828532
0.3947001394700139
0.40252454417952316
0.35135135135135137
0.39275766016713093
0.34408602150537637
0.33511348464619495
0.39664804469273746
0.3812154696132597
0.33511348464619495
0.3888888888888889
0.4104372355430183
0.36239782016348776
0.37362637362637363
0.3888888888888889
0.32275132275132273
0.3793103448275862
0.42653352353780316
0.3774104683195592
0.3812154696132597
0.4326647564469914
0.4084507042253521
0.33511348464619495
0.3679890560875513
0.3477088948787062
0.4144271570014144
0.3679890560875513
0.3531799729364005
0.3812154696132597
0.3908205841446453
0.3850415512465374
0.40646976090014064
0.4124293785310734
0.39664804469273746
0.4005602240896359
0.3908205841446453
0.3793103448275862
0.3888888888888889
0.36054421768707484
0.3698630136986301
0.3850415512465374
0.4044943820224719
0.4144271570014144
0.3869625520110957
0.3679890560875513
0.37362637362637363
0.366120218579235
0.32625994694960214
0.3531799729364005
0.422475106685633
0.34048257372654156
0.3888888888888889
0.366120218579235
0.3831258644536653
0.36054421768707484
0.34408602150537637
0.39275766016713093
0.358695652173913
0.36239782016348776
0.3793103448275862
0.3568521031207598
0.36054421768707484
0.3679890560875513
0.366120218579235
0.35501355013550134
0.36425648021828105
0.358695652173913
0.3106159895150721
0.33155792276964047
0.3140604467805519
0.42450142450142453
0.33155792276964047
0.34048257372654156
0.40646976090014064
0.3568521031207598
0.34408602150537637
0.3568521031207598
0.3333333333333333
0.36425648021828105
0.4044943820224719
0.3812154696132597
0.3717421124828532
0.3717421124828532
0.37362637362637363
0.366120218579235
0.36425648021828105
0.3793103448275862
0.39664804469273746
0.3888888888888889
0.4005602240896359
0.32275132275132273
0.35135135135135137
0.37551581843191195
0.3698630136986301
0.41843971631205673
0.37362637362637363
0.3908205841446453
0.37551581843191195
0.37551581843191195
0.36054421768707484
0.3869625520110957
0.358695652173913
0.3831258644536653
0.35501355013550134
0.3869625520110957
0.35135135135135137
0.35135135135135137
0.3531799729364005
0.3157894736842105
0.358695652173913
0.366120218579235
0.37362637362637363
0.34048257372654156
0.4104372355430183
0.3679890560875513
0.358695652173913
0.3698630136986301
0.3850415512465374
0.37551581843191195
0.34048257372654156
0.4367816091954023
0.34408602150537637
0.36425648021828105
0.32450331125827814
0.4124293785310734
0.34589502018842533
0.3531799729364005
0.3698630136986301
0.3986013986013986
0.36425648021828105
0.3908205841446453
0.36239782016348776
0.3568521031207598
0.3888888888888889
0.33155792276964047
0.35135135135135137
0.4044943820224719
0.3679890560875513
0.3568521031207598
0.366120218579235
0.3280212483399734
0.349527665317139
0.3774104683195592
0.3774104683195592
0.35135135135135137
0.3386880856760375
0.4005602240896359
0.40646976090014064
0.36425648021828105
0.37551581843191195
0.4124293785310734
0.4005602240896359
0.349527665317139
0.34408602150537637
0.36054421768707484
0.3568521031207598
0.33689839572192515
0.4347202295552367
0.3986013986013986
0.3568521031207598
0.32978723404255317
0.4326647564469914
0.36054421768707484
0.36239782016348776
0.3477088948787062
0.30548302872062666
0.3908205841446453
0.3812154696132597
0.3869625520110957
0.34048257372654156
0.358695652173913
0.3568521031207598
0.37551581843191195
0.3698630136986301
0.4005602240896359
0.3831258644536653
0.3869625520110957
0.3477088948787062
0.3280212483399734
0.36425648021828105
0.4044943820224719
0.43061516452074394
0.36054421768707484
0.3280212483399734
0.37551581843191195
0.349527665317139
0.3908205841446453
0.349527665317139
0.447178002894356
0.36239782016348776
0.3812154696132597
0.3888888888888889
0.3422818791946309
0.32275132275132273
0.33155792276964047
0.3888888888888889
0.3831258644536653
0.3333333333333333
0.366120218579235
0.3774104683195592
0.3698630136986301
0.3531799729364005
0.3986013986013986
0.36054421768707484
0.3568521031207598
0.3679890560875513
0.35135135135135137
0.366120218579235
0.36054421768707484
0.34408602150537637
0.33689839572192515
0.36239782016348776
0.4104372355430183
0.33689839572192515
0.3831258644536653
0.3908205841446453
0.36239782016348776
0.40646976090014064
0.3531799729364005
0.3986013986013986
0.3568521031207598
0.3717421124828532
0.3157894736842105
0.3679890560875513
0.3679890560875513
0.39275766016713093
0.36239782016348776
0.39664804469273746
0.3908205841446453
0.3679890560875513
0.3831258644536653
0.37362637362637363
0.36239782016348776
0.3717421124828532
0.3812154696132597
0.39664804469273746
0.3774104683195592
0.4005602240896359
0.3477088948787062
0.36425648021828105
0.3812154696132597
0.358695652173913
0.31752305665349145
0.3774104683195592
0.447178002894356
0.31752305665349145
0.40252454417952316
0.3793103448275862
0.3698630136986301
0.3986013986013986
0.3477088948787062
0.3812154696132597
0.35501355013550134
0.39275766016713093
0.3908205841446453
0.39275766016713093
0.32100396301188905
0.3986013986013986
0.40646976090014064
0.3717421124828532
0.36425648021828105
0.3679890560875513
0.34048257372654156
0.42653352353780316
0.36425648021828105
0.37551581843191195
0.3679890560875513
0.4347202295552367
0.358695652173913
0.3531799729364005
0.3333333333333333
0.32978723404255317
0.3986013986013986
0.33689839572192515
0.3477088948787062
0.34408602150537637
0.32450331125827814
0.36425648021828105
0.3717421124828532
0.32625994694960214
0.3850415512465374
0.32275132275132273
0.3333333333333333
0.33511348464619495
0.3123359580052493
0.37551581843191195
0.3698630136986301
0.3947001394700139
0.3812154696132597
0.32625994694960214
0.40646976090014064
0.358695652173913
0.3422818791946309
0.3106159895150721
0.34408602150537637
0.3831258644536653
0.358695652173913
0.30718954248366015
0.39275766016713093
0.3717421124828532
0.35501355013550134
0.4044943820224719
0.349527665317139
0.36425648021828105
0.37362637362637363
0.33511348464619495
0.39275766016713093
0.3477088948787062
0.36239782016348776
0.32978723404255317
0.35501355013550134
0.3422818791946309
0.41843971631205673
0.3679890560875513
0.36054421768707484
0.33511348464619495
0.36425648021828105
0.4513788098693759
0.3947001394700139
0.3333333333333333
0.37551581843191195
0.42045454545454547
0.3333333333333333
0.349527665317139
0.3333333333333333
0.3698630136986301
0.34408602150537637
0.3422818791946309
0.3869625520110957
0.3333333333333333
0.3531799729364005
0.30548302872062666
0.349527665317139
0.4084507042253521
0.3531799729364005
0.4144271570014144
0.34589502018842533
0.3986013986013986
0.33689839572192515
0.3869625520110957
0.3888888888888889
0.366120218579235
0.3422818791946309
0.3679890560875513
0.3531799729364005
0.3793103448275862
0.3531799729364005
0.3831258644536653
0.4084507042253521
0.3774104683195592
0.366120218579235
0.3333333333333333
0.366120218579235
0.3698630136986301
0.3717421124828532
0.3850415512465374
0.34048257372654156
0.39664804469273746
0.34048257372654156
0.36054421768707484
0.3568521031207598
0.3698630136986301
0.3698630136986301
0.3386880856760375
0.3908205841446453
0.366120218579235
0.3717421124828532
0.3812154696132597
0.3477088948787062
0.3477088948787062
0.33689839572192515
0.39275766016713093
0.366120218579235
0.35501355013550134
0.3386880856760375
0.3888888888888889
0.3679890560875513
0.3698630136986301
0.36425648021828105
0.3793103448275862
0.3947001394700139
0.35501355013550134
0.3531799729364005
0.3531799729364005
0.39275766016713093
0.36054421768707484
0.3717421124828532
0.39275766016713093
0.32100396301188905
0.34048257372654156
0.37362637362637363
0.3333333333333333
0.34589502018842533
0.35135135135135137
0.3422818791946309
0.3888888888888889
0.37362637362637363
0.39275766016713093
0.37551581843191195
0.3888888888888889
0.3106159895150721
0.34408602150537637
0.35501355013550134
0.3850415512465374
0.32978723404255317
0.4347202295552367
0.4005602240896359
0.3812154696132597
0.34048257372654156
0.4367816091954023
0.3280212483399734
0.3568521031207598
0.37362637362637363
0.3698630136986301
0.3679890560875513
0.3698630136986301
0.3280212483399734
0.4005602240896359
0.35135135135135137
0.366120218579235
0.35135135135135137
0.34408602150537637
0.4005602240896359
0.36425648021828105
0.36425648021828105
0.3812154696132597
0.37551581843191195
0.34589502018842533
0.3869625520110957
0.32978723404255317
0.34589502018842533
0.3140604467805519
0.3679890560875513
0.37362637362637363
0.36425648021828105
0.349527665317139
0.3850415512465374
0.358695652173913
0.4044943820224719
0.4144271570014144
0.3477088948787062
0.3717421124828532
0.3717421124828532
0.3850415512465374
0.3698630136986301
0.36054421768707484
0.37362637362637363
0.3477088948787062
0.3812154696132597
0.3831258644536653
0.366120218579235
0.349527665317139
0.36425648021828105
0.32275132275132273
0.3831258644536653
0.3869625520110957
0.30548302872062666
0.39275766016713093
0.33155792276964047
0.3831258644536653
0.3869625520110957
0.37362637362637363
0.349527665317139
0.3568521031207598
0.36239782016348776
0.3831258644536653
0.3386880856760375
0.34408602150537637
0.33511348464619495
0.3717421124828532
0.3333333333333333
0.358695652173913
0.32978723404255317
0.3793103448275862
0.41843971631205673
0.33689839572192515
0.3717421124828532
0.33155792276964047
0.37551581843191195
0.37551581843191195
0.34048257372654156
0.36425648021828105
0.35501355013550134
0.3850415512465374
0.3831258644536653
0.3947001394700139
0.32450331125827814
0.358695652173913
0.3477088948787062
0.32450331125827814
0.36239782016348776
0.32625994694960214
0.3698630136986301
0.3698630136986301
0.3698630136986301
0.39664804469273746
0.33511348464619495
0.3531799729364005
0.37362637362637363
0.3698630136986301
0.33155792276964047
0.34589502018842533
0.35501355013550134
0.3386880856760375
0.3568521031207598
0.3568521031207598
0.3333333333333333
0.3531799729364005
0.32450331125827814
0.31926121372031663
0.32450331125827814
0.3831258644536653
0.3774104683195592
0.3679890560875513
0.3888888888888889
0.3422818791946309
0.34048257372654156
0.3568521031207598
0.3947001394700139
0.3422818791946309
0.3280212483399734
0.34589502018842533
0.35501355013550134
0.34048257372654156
0.36239782016348776
0.36054421768707484
0.3850415512465374
0.3947001394700139
0.31926121372031663
0.36054421768707484
0.36054421768707484
0.3531799729364005
0.3679890560875513
0.37362637362637363
0.34408602150537637
0.3531799729364005
0.3774104683195592
0.3793103448275862
0.40646976090014064
0.366120218579235
0.3679890560875513
0.3831258644536653
0.32100396301188905
0.36239782016348776
0.34589502018842533
0.3888888888888889
0.3850415512465374
0.4084507042253521
0.29533678756476683
0.33689839572192515
0.366120218579235
0.358695652173913
0.3477088948787062
0.36054421768707484
0.41843971631205673
0.3850415512465374
0.358695652173913
0.40252454417952316
0.358695652173913
0.3333333333333333
0.3679890560875513
0.3698630136986301
0.3477088948787062
0.37362637362637363
0.34589502018842533
0.32450331125827814
0.34589502018842533
0.3698630136986301
0.3793103448275862
0.3531799729364005
0.3477088948787062
0.3157894736842105
0.3698630136986301
0.35135135135135137
0.32275132275132273
0.358695652173913
0.3123359580052493
0.3679890560875513
0.33155792276964047
0.35501355013550134
0.3477088948787062
0.35135135135135137
0.3717421124828532
0.366120218579235
0.3679890560875513
0.33689839572192515
0.3333333333333333
0.45348837209302323
0.36425648021828105
0.349527665317139
0.3793103448275862
0.34589502018842533
0.3333333333333333
0.3568521031207598
0.33511348464619495
0.3774104683195592
0.35135135135135137
0.31926121372031663
0.36054421768707484
0.3386880856760375
0.3717421124828532
0.4044943820224719
0.358695652173913
0.32625994694960214
0.37551581843191195
0.3812154696132597
0.32275132275132273
0.3947001394700139
0.3280212483399734
0.32100396301188905
0.3698630136986301
0.33511348464619495
0.366120218579235
0.34408602150537637
0.349527665317139
0.34048257372654156
0.3679890560875513
0.3812154696132597
0.3717421124828532
0.3947001394700139
0.349527665317139
0.3888888888888889
0.4005602240896359
0.3106159895150721
0.36239782016348776
0.3333333333333333
0.36239782016348776
0.3422818791946309
0.358695652173913
0.3831258644536653
0.32978723404255317
0.34048257372654156
0.3333333333333333
0.3477088948787062
0.36054421768707484
0.3422818791946309
0.366120218579235
0.366120218579235
0.366120218579235
0.36239782016348776
0.34048257372654156
0.4367816091954023
0.4044943820224719
0.366120218579235
0.4104372355430183
0.37551581843191195
0.37551581843191195
0.4084507042253521
0.3793103448275862
0.3531799729364005
0.3908205841446453
0.366120218579235
0.3888888888888889
0.3477088948787062
0.366120218579235
0.35501355013550134
0.37362637362637363
0.34048257372654156
0.4044943820224719
0.31752305665349145
0.34589502018842533
0.44508670520231214
0.33511348464619495
0.32978723404255317
0.3333333333333333
0.3698630136986301
0.34048257372654156
0.349527665317139
0.3908205841446453
0.4104372355430183
0.3531799729364005
0.34589502018842533
0.32100396301188905
0.3774104683195592
0.3869625520110957
0.4005602240896359
0.35135135135135137
0.3812154696132597
0.33689839572192515
0.33155792276964047
0.366120218579235
0.3531799729364005
0.35501355013550134
0.30718954248366015
0.3477088948787062
0.32625994694960214
0.33689839572192515
0.36239782016348776
0.32978723404255317
0.3717421124828532
0.366120218579235
0.40646976090014064
0.34408602150537637
0.33689839572192515
0.4005602240896359
0.36239782016348776
0.3280212483399734
0.36239782016348776
0.3850415512465374
0.31926121372031663
0.358695652173913
0.4326647564469914
0.36054421768707484
0.3568521031207598
0.3850415512465374
0.3793103448275862
0.3157894736842105
0.36054421768707484
0.3698630136986301
0.40646976090014064
0.40646976090014064
0.32625994694960214
0.366120218579235
0.36425648021828105
0.34048257372654156
0.32450331125827814
0.32275132275132273
0.33155792276964047
0.3679890560875513
0.3679890560875513
0.34048257372654156
0.3477088948787062
0.32978723404255317
0.422475106685633
0.35135135135135137
0.3123359580052493
0.3793103448275862
0.35135135135135137
0.4005602240896359
0.366120218579235
0.3386880856760375
0.31926121372031663
0.349527665317139
0.35501355013550134
0.35501355013550134
0.34048257372654156
0.4326647564469914
0.3422818791946309
0.37551581843191195
0.3774104683195592
0.36054421768707484
0.3568521031207598
0.3698630136986301
0.31926121372031663
0.3947001394700139
0.39664804469273746
0.3106159895150721
0.33511348464619495
0.3280212483399734
0.3986013986013986
0.37551581843191195
0.37362637362637363
0.37362637362637363
0.3477088948787062
0.34408602150537637
0.366120218579235
0.3531799729364005
0.30718954248366015
0.41843971631205673
0.3850415512465374
0.3140604467805519
0.3774104683195592
0.32275132275132273
0.3698630136986301
0.41843971631205673
0.36239782016348776
0.3568521031207598
0.3869625520110957
0.3888888888888889
0.3477088948787062
0.37551581843191195
0.39275766016713093
0.4144271570014144
0.33689839572192515
0.3386880856760375
0.3793103448275862
0.4084507042253521
0.37362637362637363
0.35135135135135137
0.3422818791946309
0.31752305665349145
0.36054421768707484
0.3812154696132597
0.30039011703511054
0.3869625520110957
0.3869625520110957
0.3333333333333333
0.366120218579235
0.36239782016348776
0.3850415512465374
0.36425648021828105
0.32450331125827814
0.36054421768707484
0.36054421768707484
0.3908205841446453
0.3986013986013986
0.34048257372654156
0.36239782016348776
0.358695652173913
0.4104372355430183
0.3812154696132597
0.3477088948787062
0.366120218579235
0.32978723404255317
0.32978723404255317
0.349527665317139
0.36425648021828105
0.3774104683195592
0.4044943820224719
0.3869625520110957
0.33511348464619495
0.3986013986013986
0.34408602150537637
0.36239782016348776
0.3333333333333333
0.36054421768707484
0.35501355013550134
0.3831258644536653
0.3422818791946309
0.32978723404255317
0.3568521031207598
0.37362637362637363
0.366120218579235
